g = 9.81;
tf = 1800;
CD0 = 0.032;
AR = 7.5;
e = 0.8;
F = 845;
m = 276800;
Tmax = 1260000;
CLmin = 0;
CLmax = 1.48;